4 0.02 1
3 4 2 
-0.432212 -0.9721 0.352896 -0.0854412 
0.302056 -0.78718 -0.835114 0.129932 
0.179741 -0.287816 0.767633 0.9593 
0.785882 0.57232 -0.593768 -0.218694 
0.990784 -0.516436 -0.820188 0.867833 -0.479537 
0.681147 0.0190046 -0.534362 0.360452 -0.247939 
-0.109695 0.113732 0.906734 0.696644 
0.774544 -0.103573 -0.874809 0.901677 
0.537334 -0.957551 -0.141739 -0.971227 
-0.497371 0.659932 0.365043 0.977433 
-0.0720822 -0.563824 0.0369885 -0.784736 -0.18623 
-0.689967 0.474327 0.270117 0.78115 -0.593308 
0.235491 0.372905 -0.657671 0.555875 
0.050422 0.0819507 0.903664 0.990958 
0.827094 0.887596 0.816055 -0.416845 
0.111675 0.649663 -0.387032 -0.578581 
-0.216281 0.515229 -0.34999 0.415881 -0.878432 
0.609973 0.234142 0.420521 -0.493987 0.586717 
0.619969 0.637533 0.938067 0.440534 
-0.354929 -0.24745 0.542062 0.474251 
0.685935 -0.0753335 -0.0533148 -0.431221 
0.855096 0.181315 0.442188 -0.75807 
-0.365828 0.683296 0.647803 -0.227138 0.536474 
0.510538 -0.493024 -0.813769 -0.32352 -0.640104 

